-14,-17,-18,-29,-13,-21
-14,-17,-18,-29,-13,21
-14,-17,-18,-29,13,-20
-14,-17,-18,-29,13,20
-14,-17,-18,29,-20,-13
-14,-17,-18,29,-20,13
-14,-17,-18,29,20,-12
-14,-17,-18,29,20,12
-14,-17,18,-29,-20,-12
-14,-17,18,-29,-20,12
-14,-17,18,-29,20,-12
-14,-17,18,-29,20,12
-14,-17,18,29,-20,-12
-14,-17,18,29,-20,12
-14,-17,18,29,20,-12
-14,-17,18,29,20,12
-14,17,-20,-29,-13,-18
-14,17,-20,-29,-13,18
-14,17,-20,-29,13,-18
-14,17,-20,-29,13,18
-14,17,-20,29,-13,-19
-14,17,-20,29,-13,19
-14,17,-20,29,13,-19
-14,17,-20,29,13,19
-14,17,20,-30,-12,-18
-14,17,20,-30,-12,18
-14,17,20,-30,12,-19
-14,17,20,-30,12,19
-14,17,20,30,-18,-13
-14,17,20,30,-18,13
-14,17,20,30,18,-12
-14,17,20,30,18,12
14,-12,-18,-21,-29,-17
14,-12,-18,-21,-29,17
14,-12,-18,-21,29,-17
14,-12,-18,-21,29,17
14,-12,-18,21,-30,-17
14,-12,-18,21,-30,17
14,-12,-18,21,30,-16
14,-12,-18,21,30,16
14,-12,18,-17,-30,-20
14,-12,18,-17,-30,20
14,-12,18,-17,30,-21
14,-12,18,-17,30,21
14,-12,18,17,-29,-21
14,-12,18,17,-29,21
14,-12,18,17,29,-20
14,-12,18,17,29,20
14,12,-16,-18,-30,-21
14,12,-16,-18,-30,21
14,12,-16,-18,30,-20
14,12,-16,-18,30,20
14,12,-16,18,-20,-29
14,12,-16,18,-20,29
14,12,-16,18,20,-29
14,12,-16,18,20,29
14,12,16,-18,-30,-21
14,12,16,-18,-30,21
14,12,16,-18,30,-21
14,12,16,-18,30,21
14,12,16,18,-29,-20
14,12,16,18,-29,20
14,12,16,18,29,-21
14,12,16,18,29,21
