p cnf 61 193
13 0
17 0
29 0
-1 2 0
-3 2 0
-4 2 0
-5 2 0
-6 2 0
-7 2 0
-8 2 0
-9 2 0
-10 2 0
-11 2 0
-12 1 0
-13 1 0
-14 3 0
-15 3 0
-16 4 0
-17 4 0
-18 5 0
-19 5 0
-20 6 0
-21 6 0
-22 7 0
-23 7 0
-24 7 0
-25 8 0
-26 8 0
-27 8 0
-28 8 0
-29 9 0
-30 9 0
-31 10 0
-32 10 0
-33 10 0
-34 11 0
-35 11 0
-36 11 0
1 -2 0
3 -2 0
4 -2 0
5 -2 0
6 -2 0
7 -2 0
8 -2 0
9 -2 0
10 -2 0
11 -2 0
-13 37 0
1 37 0
13 -1 -37 0
12 37 0
-12 -37 0
-12 38 0
1 38 0
12 -1 -38 0
13 38 0
-13 -38 0
-15 39 0
3 39 0
15 -3 -39 0
14 39 0
-14 -39 0
-14 40 0
3 40 0
14 -3 -40 0
15 40 0
-15 -40 0
-17 41 0
4 41 0
17 -4 -41 0
16 41 0
-16 -41 0
-16 42 0
4 42 0
16 -4 -42 0
17 42 0
-17 -42 0
-19 43 0
5 43 0
19 -5 -43 0
18 43 0
-18 -43 0
-18 44 0
5 44 0
18 -5 -44 0
19 44 0
-19 -44 0
-21 45 0
6 45 0
21 -6 -45 0
20 45 0
-20 -45 0
-20 46 0
6 46 0
20 -6 -46 0
21 46 0
-21 -46 0
-23 47 0
-24 47 0
7 47 0
23 24 -7 -47 0
22 47 0
-22 -47 0
-22 48 0
-24 48 0
7 48 0
22 24 -7 -48 0
23 48 0
-23 -48 0
-22 49 0
-23 49 0
7 49 0
22 23 -7 -49 0
24 49 0
-24 -49 0
-26 50 0
-27 50 0
-28 50 0
8 50 0
26 27 28 -8 -50 0
25 50 0
-25 -50 0
-25 51 0
-27 51 0
-28 51 0
8 51 0
25 27 28 -8 -51 0
26 51 0
-26 -51 0
-25 52 0
-26 52 0
-28 52 0
8 52 0
25 26 28 -8 -52 0
27 52 0
-27 -52 0
-25 53 0
-26 53 0
-27 53 0
8 53 0
25 26 27 -8 -53 0
28 53 0
-28 -53 0
-30 54 0
9 54 0
30 -9 -54 0
29 54 0
-29 -54 0
-29 55 0
9 55 0
29 -9 -55 0
30 55 0
-30 -55 0
-32 56 0
-33 56 0
10 56 0
32 33 -10 -56 0
31 56 0
-31 -56 0
-31 57 0
-33 57 0
10 57 0
31 33 -10 -57 0
32 57 0
-32 -57 0
-31 58 0
-32 58 0
10 58 0
31 32 -10 -58 0
33 58 0
-33 -58 0
-35 59 0
-36 59 0
11 59 0
35 36 -11 -59 0
34 59 0
-34 -59 0
-34 60 0
-36 60 0
11 60 0
34 36 -11 -60 0
35 60 0
-35 -60 0
-34 61 0
-35 61 0
11 61 0
34 35 -11 -61 0
36 61 0
-36 -61 0
-26 14 0
-27 15 0
2 0
