-12,-17,-30,-20,-19
-12,-17,-30,-20,19
-12,-17,-30,20,-14
-12,-17,-30,20,14
-12,-17,30,-19,-20
-12,-17,30,-19,20
-12,-17,30,19,-15
-12,-17,30,19,15
-12,17,-30,-18,-14
-12,17,-30,-18,14
-12,17,-30,18,-14
-12,17,-30,18,14
-12,17,30,-19,-21
-12,17,30,-19,21
-12,17,30,19,-14
-12,17,30,19,14
12,-15,-17,-18,-30
12,-15,-17,-18,30
12,-15,-17,18,-29
12,-15,-17,18,29
12,-15,17,-19,-30
12,-15,17,-19,30
12,-15,17,19,-20
12,-15,17,19,20
12,15,-18,-29,-20
12,15,-18,-29,20
12,15,-18,29,-16
12,15,-18,29,16
12,15,18,-30,-16
12,15,18,-30,16
12,15,18,30,-16
12,15,18,30,16
