-27,-40,-38,-34,-33
-27,-40,-38,-34,33
-27,-40,-38,34,-32
-27,-40,-38,34,32
-27,-40,38,-34,-33
-27,-40,38,-34,33
-27,-40,38,34,-33
-27,-40,38,34,33
-27,40,-38,-35,-33
-27,40,-38,-35,33
-27,40,-38,35,-34
-27,40,-38,35,34
-27,40,38,-32,-35
-27,40,38,-32,35
-27,40,38,32,-34
-27,40,38,32,34
27,-38,-40,-33,-34
27,-38,-40,-33,34
27,-38,-40,33,-34
27,-38,-40,33,34
27,-38,40,-32,-33
27,-38,40,-32,33
27,-38,40,32,-35
27,-38,40,32,35
27,38,-40,-32,-34
27,38,-40,-32,34
27,38,-40,32,-35
27,38,-40,32,35
27,38,40,-33,-32
27,38,40,-33,32
27,38,40,33,-35
27,38,40,33,35
