-14,-17,-19,-21,-12,-29
-14,-17,-19,-21,-12,29
-14,-17,-19,-21,12,-30
-14,-17,-19,-21,12,30
-14,-17,-19,21,-13,-30
-14,-17,-19,21,-13,30
-14,-17,-19,21,13,-30
-14,-17,-19,21,13,30
-14,-17,19,-21,-30,-13
-14,-17,19,-21,-30,13
-14,-17,19,-21,30,-13
-14,-17,19,-21,30,13
-14,-17,19,21,-29,-13
-14,-17,19,21,-29,13
-14,-17,19,21,29,-13
-14,-17,19,21,29,13
-14,17,-20,-12,-30,-18
-14,17,-20,-12,-30,18
-14,17,-20,-12,30,-19
-14,17,-20,-12,30,19
-14,17,-20,12,-30,-18
-14,17,-20,12,-30,18
-14,17,-20,12,30,-19
-14,17,-20,12,30,19
-14,17,20,-18,-30,-12
-14,17,20,-18,-30,12
-14,17,20,-18,30,-13
-14,17,20,-18,30,13
-14,17,20,18,-30,-13
-14,17,20,18,-30,13
-14,17,20,18,30,-12
-14,17,20,18,30,12
14,-21,-30,-12,-17,-18
14,-21,-30,-12,-17,18
14,-21,-30,-12,17,-18
14,-21,-30,-12,17,18
14,-21,-30,12,-18,-16
14,-21,-30,12,-18,16
14,-21,-30,12,18,-17
14,-21,-30,12,18,17
14,-21,30,-13,-19,-16
14,-21,30,-13,-19,16
14,-21,30,-13,19,-17
14,-21,30,-13,19,17
14,-21,30,13,-19,-16
14,-21,30,13,-19,16
14,-21,30,13,19,-17
14,-21,30,13,19,17
14,21,-19,-12,-29,-17
14,21,-19,-12,-29,17
14,21,-19,-12,29,-16
14,21,-19,-12,29,16
14,21,-19,12,-29,-16
14,21,-19,12,-29,16
14,21,-19,12,29,-16
14,21,-19,12,29,16
14,21,19,-13,-29,-17
14,21,19,-13,-29,17
14,21,19,-13,29,-16
14,21,19,-13,29,16
14,21,19,13,-17,-29
14,21,19,13,-17,29
14,21,19,13,17,-29
14,21,19,13,17,29
