-19,-14,-13,-16,-29
-19,-14,-13,-16,29
-19,-14,-13,16,-21
-19,-14,-13,16,21
-19,-14,13,-16,-20
-19,-14,13,-16,20
-19,-14,13,16,-29
-19,-14,13,16,29
-19,14,-29,-12,-21
-19,14,-29,-12,21
-19,14,-29,12,-16
-19,14,-29,12,16
-19,14,29,-13,-21
-19,14,29,-13,21
-19,14,29,13,-17
-19,14,29,13,17
19,-30,-16,-13,-15
19,-30,-16,-13,15
19,-30,-16,13,-21
19,-30,-16,13,21
19,-30,16,-13,-14
19,-30,16,-13,14
19,-30,16,13,-20
19,-30,16,13,20
19,30,-16,-15,-21
19,30,-16,-15,21
19,30,-16,15,-21
19,30,-16,15,21
19,30,16,-15,-13
19,30,16,-15,13
19,30,16,15,-20
19,30,16,15,20
