-11,-276,-187,-77,-57
-11,-276,-187,-77,57
-11,-276,-187,77,-64
-11,-276,-187,77,64
-11,-276,187,-56,-145
-11,-276,187,-56,145
-11,-276,187,56,-157
-11,-276,187,56,157
-11,276,-269,-68,-287
-11,276,-269,-68,287
-11,276,-269,68,-50
-11,276,-269,68,50
-11,276,269,-64,-156
-11,276,269,-64,156
-11,276,269,64,-56
-11,276,269,64,56
11,-187,-275,-58,-71
11,-187,-275,-58,71
11,-187,-275,58,-161
11,-187,-275,58,161
11,-187,275,-157,-111
11,-187,275,-157,111
11,-187,275,157,-158
11,-187,275,157,158
11,187,-287,-84,-68
11,187,-287,-84,68
11,187,-287,84,-76
11,187,-287,84,76
11,187,287,-75,-77
11,187,287,-75,77
11,187,287,75,-50
11,187,287,75,50
