-180,-279,-170,-161,-72,-78
-180,-279,-170,-161,-72,78
-180,-279,-170,-161,72,-50
-180,-279,-170,-161,72,50
-180,-279,-170,161,-281,-158
-180,-279,-170,161,-281,158
-180,-279,-170,161,281,-162
-180,-279,-170,161,281,162
-180,-279,170,-179,-110,-85
-180,-279,170,-179,-110,85
-180,-279,170,-179,110,-73
-180,-279,170,-179,110,73
-180,-279,170,179,-281,-56
-180,-279,170,179,-281,56
-180,-279,170,179,281,-162
-180,-279,170,179,281,162
-180,279,-78,-145,-76,-275
-180,279,-78,-145,-76,275
-180,279,-78,-145,76,-159
-180,279,-78,-145,76,159
-180,279,-78,145,-11,-162
-180,279,-78,145,-11,162
-180,279,-78,145,11,-84
-180,279,-78,145,11,84
-180,279,78,-162,-170,-84
-180,279,78,-162,-170,84
-180,279,78,-162,170,-57
-180,279,78,-162,170,57
-180,279,78,162,-111,-278
-180,279,78,162,-111,278
-180,279,78,162,111,-85
-180,279,78,162,111,85
180,-179,-269,-57,-64,-161
180,-179,-269,-57,-64,161
180,-179,-269,-57,64,-76
180,-179,-269,-57,64,76
180,-179,-269,57,-159,-74
180,-179,-269,57,-159,74
180,-179,-269,57,159,-50
180,-179,-269,57,159,50
180,-179,269,-277,-71,-162
180,-179,269,-277,-71,162
180,-179,269,-277,71,-156
180,-179,269,-277,71,156
180,-179,269,277,-50,-145
180,-179,269,277,-50,145
180,-179,269,277,50,-74
180,-179,269,277,50,74
180,179,-72,-269,-160,-68
180,179,-72,-269,-160,68
180,179,-72,-269,160,-84
180,179,-72,-269,160,84
180,179,-72,269,-160,-76
180,179,-72,269,-160,76
180,179,-72,269,160,-71
180,179,-72,269,160,71
180,179,72,-280,-162,-56
180,179,72,-280,-162,56
180,179,72,-280,162,-160
180,179,72,-280,162,160
180,179,72,280,-111,-268
180,179,72,280,-111,268
180,179,72,280,111,-281
180,179,72,280,111,281
