p cnf 329 640
180 0
179 0
72 0
280 0
111 0
281 0
-1 2 0
-3 2 0
-4 1 0
-5 1 0
-6 1 0
-7 1 0
-8 1 0
-9 1 0
-10 1 0
-11 4 0
-12 4 0
-13 12 0
-14 12 0
-15 13 0
-16 13 0
-17 14 0
-18 14 0
-19 5 0
-20 5 0
-21 5 0
-22 19 0
-23 19 0
-24 19 0
-25 20 0
-26 20 0
-27 20 0
-28 20 0
-29 20 0
-30 20 0
-31 20 0
-32 20 0
-33 20 0
-34 20 0
-35 26 0
-36 27 0
-37 28 0
-38 28 0
-39 28 0
-40 28 0
-41 29 0
-42 29 0
-43 29 0
-44 29 0
-45 31 0
-46 31 0
-47 31 0
-48 6 0
-49 6 0
-50 6 0
-51 6 0
-52 6 0
-53 6 0
-54 48 0
-55 48 0
-56 48 0
-57 48 0
-58 48 0
-59 48 0
-60 48 0
-61 48 0
-62 48 0
-63 48 0
-64 48 0
-65 54 0
-66 54 0
-67 54 0
-68 59 0
-69 59 0
-70 69 0
-71 69 0
-72 69 0
-73 70 0
-74 70 0
-75 70 0
-76 70 0
-77 70 0
-78 70 0
-79 60 0
-80 49 0
-81 80 0
-82 81 0
-83 81 0
-84 51 0
-85 51 0
-86 52 0
-87 52 0
-88 52 0
-89 88 0
-90 89 0
-91 89 0
-92 89 0
-93 89 0
-94 89 0
-95 53 0
-96 53 0
-97 7 0
-98 7 0
-99 7 0
-100 7 0
-101 100 0
-102 100 0
-103 100 0
-104 8 0
-105 8 0
-106 8 0
-107 8 0
-108 104 0
-109 104 0
-110 104 0
-111 104 0
-112 105 0
-113 105 0
-114 105 0
-115 105 0
-116 112 0
-117 112 0
-118 116 0
-119 118 0
-120 113 0
-121 113 0
-122 113 0
-123 113 0
-124 113 0
-125 114 0
-126 114 0
-127 125 0
-128 125 0
-129 127 0
-130 127 0
-131 130 0
-132 130 0
-133 130 0
-134 132 0
-135 132 0
-136 133 0
-137 133 0
-138 133 0
-139 128 0
-140 128 0
-141 126 0
-142 126 0
-143 126 0
-144 115 0
-145 115 0
-146 115 0
-147 144 0
-148 144 0
-149 144 0
-150 144 0
-151 144 0
-152 144 0
-153 144 0
-154 144 0
-155 144 0
-156 146 0
-157 146 0
-158 146 0
-159 146 0
-160 146 0
-161 146 0
-162 146 0
-163 106 0
-164 106 0
-165 106 0
-166 106 0
-167 107 0
-168 107 0
-169 9 0
-170 9 0
-171 9 0
-172 9 0
-173 169 0
-174 171 0
-175 171 0
-176 174 0
-177 174 0
-178 174 0
-179 172 0
-180 172 0
-181 10 0
-182 181 0
-183 181 0
-184 181 0
-185 3 0
-186 3 0
-187 3 0
-188 3 0
-189 3 0
-190 3 0
-191 3 0
-192 3 0
-193 185 0
-194 193 0
-195 193 0
-196 193 0
-197 194 0
-198 194 0
-199 198 0
-200 198 0
-201 199 0
-202 201 0
-203 201 0
-204 203 0
-205 203 0
-206 203 0
-207 203 0
-208 200 0
-209 200 0
-210 200 0
-211 200 0
-212 200 0
-213 195 0
-214 195 0
-215 196 0
-216 196 0
-217 186 0
-218 186 0
-219 186 0
-220 186 0
-221 217 0
-222 217 0
-223 217 0
-224 217 0
-225 217 0
-226 217 0
-227 217 0
-228 217 0
-229 217 0
-230 218 0
-231 218 0
-232 218 0
-233 230 0
-234 230 0
-235 230 0
-236 230 0
-237 233 0
-238 233 0
-239 234 0
-240 234 0
-241 240 0
-242 231 0
-243 231 0
-244 231 0
-245 231 0
-246 231 0
-247 231 0
-248 242 0
-249 242 0
-250 242 0
-251 243 0
-252 243 0
-253 243 0
-254 244 0
-255 244 0
-256 245 0
-257 245 0
-258 232 0
-259 232 0
-260 232 0
-261 259 0
-262 260 0
-263 219 0
-264 219 0
-265 219 0
-266 265 0
-267 265 0
-268 187 0
-269 187 0
-270 188 0
-271 189 0
-272 271 0
-273 271 0
-274 273 0
-275 190 0
-276 190 0
-277 190 0
-278 191 0
-279 191 0
-280 191 0
-281 191 0
-282 192 0
-283 192 0
-284 282 0
-285 282 0
-286 282 0
-287 282 0
-288 283 0
-289 283 0
-290 283 0
1 -2 0
3 -2 0
6 -1 0
8 -1 0
13 -12 0
14 -12 0
19 -5 0
20 -5 0
25 -20 0
37 -28 0
38 -28 0
39 -28 0
48 -6 0
54 -48 0
55 -48 0
80 -49 0
86 -52 0
104 -8 0
105 -8 0
106 -8 0
108 -104 0
109 -104 0
112 -105 0
114 -105 0
115 -105 0
124 -113 0
127 -125 0
128 -125 0
131 -130 0
132 -130 0
134 -132 0
144 -115 0
167 -107 0
174 -171 0
181 -10 0
185 -3 0
192 -3 0
193 -185 0
197 -194 0
198 -194 0
201 -199 0
202 -201 0
213 -195 0
214 -195 0
217 -186 0
218 -186 0
219 -186 0
233 -230 0
234 -230 0
241 -240 0
242 -231 0
243 -231 0
244 -231 0
245 -231 0
247 -231 0
248 -242 0
249 -242 0
261 -259 0
262 -260 0
268 -187 0
269 -187 0
271 -189 0
272 -271 0
274 -273 0
275 -190 0
276 -190 0
277 -190 0
282 -192 0
283 -192 0
284 -282 0
285 -282 0
286 -282 0
288 -283 0
289 -283 0
290 -283 0
-11 291 0
-12 291 0
11 12 -291 0
4 -291 0
-4 291 0
-15 292 0
-16 292 0
15 16 -292 0
13 -292 0
-13 292 0
-17 293 0
-18 293 0
17 18 -293 0
14 -293 0
-14 293 0
-22 294 0
-23 294 0
-24 294 0
22 23 24 -294 0
19 -294 0
-19 294 0
-41 295 0
-42 295 0
-43 295 0
-44 295 0
41 42 43 44 -295 0
29 -295 0
-29 295 0
-45 296 0
-46 296 0
-47 296 0
45 46 47 -296 0
31 -296 0
-31 296 0
-65 297 0
-66 297 0
-67 297 0
65 66 67 -297 0
54 -297 0
-54 297 0
-68 298 0
-69 298 0
68 69 -298 0
59 -298 0
-59 298 0
-70 299 0
-71 299 0
-72 299 0
70 71 72 -299 0
69 -299 0
-69 299 0
-73 300 0
-74 300 0
-75 300 0
-76 300 0
-77 300 0
-78 300 0
73 74 75 76 77 78 -300 0
70 -300 0
-70 300 0
-84 301 0
-85 301 0
84 85 -301 0
51 -301 0
-51 301 0
-90 302 0
-91 302 0
-92 302 0
-93 302 0
-94 302 0
90 91 92 93 94 -302 0
89 -302 0
-89 302 0
-101 303 0
-102 303 0
-103 303 0
101 102 103 -303 0
100 -303 0
-100 303 0
-116 304 0
-117 304 0
116 117 -304 0
112 -304 0
-112 304 0
-125 305 0
-126 305 0
125 126 -305 0
114 -305 0
-114 305 0
-129 306 0
-130 306 0
129 130 -306 0
127 -306 0
-127 306 0
-136 307 0
-137 307 0
-138 307 0
136 137 138 -307 0
133 -307 0
-133 307 0
-139 308 0
-140 308 0
139 140 -308 0
128 -308 0
-128 308 0
-141 309 0
-142 309 0
-143 309 0
141 142 143 -309 0
126 -309 0
-126 309 0
-147 310 0
-148 310 0
-149 310 0
-150 310 0
-151 310 0
-152 310 0
-153 310 0
-154 310 0
-155 310 0
147 148 149 150 151 152 153 154 155 -310 0
144 -310 0
-144 310 0
-156 311 0
-157 311 0
-158 311 0
-159 311 0
-160 311 0
-161 311 0
-162 311 0
156 157 158 159 160 161 162 -311 0
146 -311 0
-146 311 0
-163 312 0
-164 312 0
-165 312 0
-166 312 0
163 164 165 166 -312 0
106 -312 0
-106 312 0
8 -107 0
-8 107 0
-169 313 0
-170 313 0
-171 313 0
-172 313 0
169 170 171 172 -313 0
9 -313 0
-9 313 0
-176 314 0
-177 314 0
-178 314 0
176 177 178 -314 0
174 -314 0
-174 314 0
-179 315 0
-180 315 0
179 180 -315 0
172 -315 0
-172 315 0
-182 316 0
-183 316 0
-184 316 0
182 183 184 -316 0
181 -316 0
-181 316 0
-194 317 0
-195 317 0
-196 317 0
194 195 196 -317 0
193 -317 0
-193 317 0
-199 318 0
-200 318 0
199 200 -318 0
198 -318 0
-198 318 0
-204 319 0
-205 319 0
-206 319 0
-207 319 0
204 205 206 207 -319 0
203 -319 0
-203 319 0
-208 320 0
-209 320 0
-210 320 0
-211 320 0
-212 320 0
208 209 210 211 212 -320 0
200 -320 0
-200 320 0
-221 321 0
-222 321 0
-223 321 0
-224 321 0
-225 321 0
-226 321 0
-227 321 0
-228 321 0
-229 321 0
221 222 223 224 225 226 227 228 229 -321 0
217 -321 0
-217 321 0
-230 322 0
-231 322 0
-232 322 0
230 231 232 -322 0
218 -322 0
-218 322 0
-237 323 0
-238 323 0
237 238 -323 0
233 -323 0
-233 323 0
-239 324 0
-240 324 0
239 240 -324 0
234 -324 0
-234 324 0
-251 325 0
-252 325 0
-253 325 0
251 252 253 -325 0
243 -325 0
-243 325 0
-256 326 0
-257 326 0
256 257 -326 0
245 -326 0
-245 326 0
-258 327 0
-259 327 0
-260 327 0
258 259 260 -327 0
232 -327 0
-232 327 0
-263 328 0
-264 328 0
-265 328 0
263 264 265 -328 0
219 -328 0
-219 328 0
-278 329 0
-279 329 0
-280 329 0
-281 329 0
278 279 280 281 -329 0
191 -329 0
-191 329 0
-16 231 0
-21 10 0
-65 61 0
-65 195 0
-66 61 0
-66 194 0
-66 62 0
-67 196 0
-63 188 0
-87 49 0
-7 97 0
-98 5 0
-100 5 0
-116 23 0
-116 19 0
-118 33 0
-113 198 0
-221 31 0
-226 7 0
2 0
