-40,-27,-38,-34,-35
-40,-27,-38,-34,35
-40,-27,-38,34,-32
-40,-27,-38,34,32
-40,-27,38,-33,-34
-40,-27,38,-33,34
-40,-27,38,33,-32
-40,-27,38,33,32
-40,27,-38,-33,-34
-40,27,-38,-33,34
-40,27,-38,33,-34
-40,27,-38,33,34
-40,27,38,-32,-33
-40,27,38,-32,33
-40,27,38,32,-35
-40,27,38,32,35
40,-38,-27,-32,-34
40,-38,-27,-32,34
40,-38,-27,32,-33
40,-38,-27,32,33
40,-38,27,-32,-35
40,-38,27,-32,35
40,-38,27,32,-34
40,-38,27,32,34
40,38,-27,-33,-32
40,38,-27,-33,32
40,38,-27,33,-32
40,38,-27,33,32
40,38,27,-35,-32
40,38,27,-35,32
40,38,27,35,-34
40,38,27,35,34
