-20,-12,-19,-14,-30
-20,-12,-19,-14,30
-20,-12,-19,14,-16
-20,-12,-19,14,16
-20,-12,19,-29,-15
-20,-12,19,-29,15
-20,-12,19,29,-15
-20,-12,19,29,15
-20,12,-29,-18,-15
-20,12,-29,-18,15
-20,12,-29,18,-17
-20,12,-29,18,17
-20,12,29,-14,-19
-20,12,29,-14,19
-20,12,29,14,-17
-20,12,29,14,17
20,-29,-13,-17,-15
20,-29,-13,-17,15
20,-29,-13,17,-19
20,-29,-13,17,19
20,-29,13,-17,-15
20,-29,13,-17,15
20,-29,13,17,-19
20,-29,13,17,19
20,29,-15,-12,-19
20,29,-15,-12,19
20,29,-15,12,-19
20,29,-15,12,19
20,29,15,-13,-18
20,29,15,-13,18
20,29,15,13,-16
20,29,15,13,16
