-38,-27,-40,-32,-34,-22
-38,-27,-40,-32,-34,22
-38,-27,-40,-32,34,-33
-38,-27,-40,-32,34,33
-38,-27,-40,32,-35,-33
-38,-27,-40,32,-35,33
-38,-27,-40,32,35,-33
-38,-27,-40,32,35,33
-38,-27,40,-33,-34,-37
-38,-27,40,-33,-34,37
-38,-27,40,-33,34,-32
-38,-27,40,-33,34,32
-38,-27,40,33,-34,-32
-38,-27,40,33,-34,32
-38,-27,40,33,34,-35
-38,-27,40,33,34,35
-38,27,-40,-35,-34,-37
-38,27,-40,-35,-34,37
-38,27,-40,-35,34,-32
-38,27,-40,-35,34,32
-38,27,-40,35,-32,-34
-38,27,-40,35,-32,34
-38,27,-40,35,32,-33
-38,27,-40,35,32,33
-38,27,40,-33,-34,-37
-38,27,40,-33,-34,37
-38,27,40,-33,34,-35
-38,27,40,-33,34,35
-38,27,40,33,-34,-32
-38,27,40,33,-34,32
-38,27,40,33,34,-32
-38,27,40,33,34,32
38,-40,-27,-32,-35,-22
38,-40,-27,-32,-35,22
38,-40,-27,-32,35,-33
38,-40,-27,-32,35,33
38,-40,-27,32,-33,-35
38,-40,-27,32,-33,35
38,-40,-27,32,33,-34
38,-40,-27,32,33,34
38,-40,27,-35,-33,-37
38,-40,27,-35,-33,37
38,-40,27,-35,33,-32
38,-40,27,-35,33,32
38,-40,27,35,-33,-34
38,-40,27,35,-33,34
38,-40,27,35,33,-34
38,-40,27,35,33,34
38,40,-27,-35,-32,-22
38,40,-27,-35,-32,22
38,40,-27,-35,32,-34
38,40,-27,-35,32,34
38,40,-27,35,-32,-34
38,40,-27,35,-32,34
38,40,-27,35,32,-34
38,40,-27,35,32,34
38,40,27,-35,-34,-37
38,40,27,-35,-34,37
38,40,27,-35,34,-32
38,40,27,-35,34,32
38,40,27,35,-34,-33
38,40,27,35,-34,33
38,40,27,35,34,-33
38,40,27,35,34,33
