-40,-38,-27,-34,-32
-40,-38,-27,-34,32
-40,-38,-27,34,-35
-40,-38,-27,34,35
-40,-38,27,-34,-32
-40,-38,27,-34,32
-40,-38,27,34,-35
-40,-38,27,34,35
-40,38,-27,-33,-32
-40,38,-27,-33,32
-40,38,-27,33,-34
-40,38,-27,33,34
-40,38,27,-35,-34
-40,38,27,-35,34
-40,38,27,35,-34
-40,38,27,35,34
40,-38,-27,-34,-33
40,-38,-27,-34,33
40,-38,-27,34,-33
40,-38,-27,34,33
40,-38,27,-32,-33
40,-38,27,-32,33
40,-38,27,32,-33
40,-38,27,32,33
40,38,-27,-34,-32
40,38,-27,-34,32
40,38,-27,34,-32
40,38,-27,34,32
40,38,27,-32,-35
40,38,27,-32,35
40,38,27,32,-34
40,38,27,32,34
