-19,-20,-15,-29,-16,-12
-19,-20,-15,-29,-16,12
-19,-20,-15,-29,16,-12
-19,-20,-15,-29,16,12
-19,-20,-15,29,-17,-13
-19,-20,-15,29,-17,13
-19,-20,-15,29,17,-12
-19,-20,-15,29,17,12
-19,-20,15,-29,-13,-17
-19,-20,15,-29,-13,17
-19,-20,15,-29,13,-16
-19,-20,15,-29,13,16
-19,-20,15,29,-12,-17
-19,-20,15,29,-12,17
-19,-20,15,29,12,-17
-19,-20,15,29,12,17
-19,20,-16,-30,-14,-13
-19,20,-16,-30,-14,13
-19,20,-16,-30,14,-12
-19,20,-16,-30,14,12
-19,20,-16,30,-15,-13
-19,20,-16,30,-15,13
-19,20,-16,30,15,-12
-19,20,-16,30,15,12
-19,20,16,-13,-14,-29
-19,20,16,-13,-14,29
-19,20,16,-13,14,-29
-19,20,16,-13,14,29
-19,20,16,13,-15,-29
-19,20,16,13,-15,29
-19,20,16,13,15,-30
-19,20,16,13,15,30
19,-17,-30,-13,-14,-21
19,-17,-30,-13,-14,21
19,-17,-30,-13,14,-21
19,-17,-30,-13,14,21
19,-17,-30,13,-15,-21
19,-17,-30,13,-15,21
19,-17,-30,13,15,-21
19,-17,-30,13,15,21
19,-17,30,-14,-21,-12
19,-17,30,-14,-21,12
19,-17,30,-14,21,-12
19,-17,30,-14,21,12
19,-17,30,14,-21,-12
19,-17,30,14,-21,12
19,-17,30,14,21,-12
19,-17,30,14,21,12
19,17,-30,-15,-21,-13
19,17,-30,-15,-21,13
19,17,-30,-15,21,-13
19,17,-30,-15,21,13
19,17,-30,15,-13,-21
19,17,-30,15,-13,21
19,17,-30,15,13,-21
19,17,-30,15,13,21
19,17,30,-13,-20,-14
19,17,30,-13,-20,14
19,17,30,-13,20,-15
19,17,30,-13,20,15
19,17,30,13,-14,-20
19,17,30,13,-14,20
19,17,30,13,14,-21
19,17,30,13,14,21
