-16,-21,-12,-29,-18
-16,-21,-12,-29,18
-16,-21,-12,29,-18
-16,-21,-12,29,18
-16,-21,12,-29,-14
-16,-21,12,-29,14
-16,-21,12,29,-15
-16,-21,12,29,15
-16,21,-12,-15,-29
-16,21,-12,-15,29
-16,21,-12,15,-30
-16,21,-12,15,30
-16,21,12,-18,-30
-16,21,12,-18,30
-16,21,12,18,-14
-16,21,12,18,14
16,-30,-15,-21,-12
16,-30,-15,-21,12
16,-30,-15,21,-19
16,-30,-15,21,19
16,-30,15,-12,-20
16,-30,15,-12,20
16,-30,15,12,-18
16,-30,15,12,18
16,30,-20,-13,-14
16,30,-20,-13,14
16,30,-20,13,-19
16,30,-20,13,19
16,30,20,-18,-15
16,30,20,-18,15
16,30,20,18,-15
16,30,20,18,15
