-27,-38,-40,-33,-35,-37
-27,-38,-40,-33,-35,37
-27,-38,-40,-33,35,-34
-27,-38,-40,-33,35,34
-27,-38,-40,33,-35,-34
-27,-38,-40,33,-35,34
-27,-38,-40,33,35,-32
-27,-38,-40,33,35,32
-27,-38,40,-35,-33,-22
-27,-38,40,-35,-33,22
-27,-38,40,-35,33,-32
-27,-38,40,-35,33,32
-27,-38,40,35,-34,-32
-27,-38,40,35,-34,32
-27,-38,40,35,34,-32
-27,-38,40,35,34,32
-27,38,-40,-35,-34,-37
-27,38,-40,-35,-34,37
-27,38,-40,-35,34,-33
-27,38,-40,-35,34,33
-27,38,-40,35,-33,-32
-27,38,-40,35,-33,32
-27,38,-40,35,33,-32
-27,38,-40,35,33,32
-27,38,40,-34,-32,-22
-27,38,40,-34,-32,22
-27,38,40,-34,32,-33
-27,38,40,-34,32,33
-27,38,40,34,-32,-33
-27,38,40,34,-32,33
-27,38,40,34,32,-35
-27,38,40,34,32,35
27,-38,-40,-32,-35,-22
27,-38,-40,-32,-35,22
27,-38,-40,-32,35,-33
27,-38,-40,-32,35,33
27,-38,-40,32,-34,-35
27,-38,-40,32,-34,35
27,-38,-40,32,34,-33
27,-38,-40,32,34,33
27,-38,40,-33,-35,-22
27,-38,40,-33,-35,22
27,-38,40,-33,35,-34
27,-38,40,-33,35,34
27,-38,40,33,-34,-35
27,-38,40,33,-34,35
27,-38,40,33,34,-35
27,-38,40,33,34,35
27,38,-40,-32,-35,-22
27,38,-40,-32,-35,22
27,38,-40,-32,35,-34
27,38,-40,-32,35,34
27,38,-40,32,-33,-34
27,38,-40,32,-33,34
27,38,-40,32,33,-35
27,38,-40,32,33,35
27,38,40,-34,-32,-22
27,38,40,-34,-32,22
27,38,40,-34,32,-35
27,38,40,-34,32,35
27,38,40,34,-33,-35
27,38,40,34,-33,35
27,38,40,34,33,-35
27,38,40,34,33,35
