-38,-27,-40,-35,-34,-37
-38,-27,-40,-35,-34,37
-38,-27,-40,-35,34,-32
-38,-27,-40,-35,34,32
-38,-27,-40,35,-33,-34
-38,-27,-40,35,-33,34
-38,-27,-40,35,33,-34
-38,-27,-40,35,33,34
-38,-27,40,-32,-35,-37
-38,-27,40,-32,-35,37
-38,-27,40,-32,35,-33
-38,-27,40,-32,35,33
-38,-27,40,32,-35,-34
-38,-27,40,32,-35,34
-38,-27,40,32,35,-33
-38,-27,40,32,35,33
-38,27,-40,-33,-35,-22
-38,27,-40,-33,-35,22
-38,27,-40,-33,35,-32
-38,27,-40,-33,35,32
-38,27,-40,33,-34,-32
-38,27,-40,33,-34,32
-38,27,-40,33,34,-32
-38,27,-40,33,34,32
-38,27,40,-34,-35,-37
-38,27,40,-34,-35,37
-38,27,40,-34,35,-33
-38,27,40,-34,35,33
-38,27,40,34,-35,-32
-38,27,40,34,-35,32
-38,27,40,34,35,-32
-38,27,40,34,35,32
38,-27,-40,-33,-32,-37
38,-27,-40,-33,-32,37
38,-27,-40,-33,32,-34
38,-27,-40,-33,32,34
38,-27,-40,33,-32,-34
38,-27,-40,33,-32,34
38,-27,-40,33,32,-34
38,-27,-40,33,32,34
38,-27,40,-32,-35,-37
38,-27,40,-32,-35,37
38,-27,40,-32,35,-33
38,-27,40,-32,35,33
38,-27,40,32,-35,-34
38,-27,40,32,-35,34
38,-27,40,32,35,-33
38,-27,40,32,35,33
38,27,-40,-32,-33,-22
38,27,-40,-32,-33,22
38,27,-40,-32,33,-34
38,27,-40,-32,33,34
38,27,-40,32,-34,-33
38,27,-40,32,-34,33
38,27,-40,32,34,-33
38,27,-40,32,34,33
38,27,40,-34,-33,-22
38,27,40,-34,-33,22
38,27,40,-34,33,-32
38,27,40,-34,33,32
38,27,40,34,-32,-35
38,27,40,34,-32,35
38,27,40,34,32,-33
38,27,40,34,32,33
