-13,-20,-30,-19,-16,-14
-13,-20,-30,-19,-16,14
-13,-20,-30,-19,16,-14
-13,-20,-30,-19,16,14
-13,-20,-30,19,-16,-14
-13,-20,-30,19,-16,14
-13,-20,-30,19,16,-14
-13,-20,-30,19,16,14
-13,-20,30,-18,-17,-15
-13,-20,30,-18,-17,15
-13,-20,30,-18,17,-15
-13,-20,30,-18,17,15
-13,-20,30,18,-14,-16
-13,-20,30,18,-14,16
-13,-20,30,18,14,-16
-13,-20,30,18,14,16
-13,20,-18,-14,-17,-29
-13,20,-18,-14,-17,29
-13,20,-18,-14,17,-30
-13,20,-18,-14,17,30
-13,20,-18,14,-16,-30
-13,20,-18,14,-16,30
-13,20,-18,14,16,-29
-13,20,-18,14,16,29
-13,20,18,-29,-16,-15
-13,20,18,-29,-16,15
-13,20,18,-29,16,-14
-13,20,18,-29,16,14
-13,20,18,29,-14,-17
-13,20,18,29,-14,17
-13,20,18,29,14,-17
-13,20,18,29,14,17
13,-30,-17,-19,-15,-20
13,-30,-17,-19,-15,20
13,-30,-17,-19,15,-21
13,-30,-17,-19,15,21
13,-30,-17,19,-14,-21
13,-30,-17,19,-14,21
13,-30,-17,19,14,-21
13,-30,-17,19,14,21
13,-30,17,-21,-18,-15
13,-30,17,-21,-18,15
13,-30,17,-21,18,-15
13,-30,17,-21,18,15
13,-30,17,21,-14,-19
13,-30,17,21,-14,19
13,-30,17,21,14,-18
13,-30,17,21,14,18
13,30,-20,-19,-15,-17
13,30,-20,-19,-15,17
13,30,-20,-19,15,-16
13,30,-20,-19,15,16
13,30,-20,19,-17,-14
13,30,-20,19,-17,14
13,30,-20,19,17,-15
13,30,-20,19,17,15
13,30,20,-19,-14,-17
13,30,20,-19,-14,17
13,30,20,-19,14,-16
13,30,20,-19,14,16
13,30,20,19,-14,-16
13,30,20,19,-14,16
13,30,20,19,14,-17
13,30,20,19,14,17
