p cnf 53 118
38 0
27 0
40 0
35 0
-1 2 0
-3 2 0
-4 2 0
-5 2 0
-6 2 0
-7 1 0
-8 1 0
-9 1 0
-10 7 0
-11 7 0
-12 8 0
-13 8 0
-14 13 0
-15 13 0
-16 9 0
-17 9 0
-18 9 0
-19 9 0
-20 18 0
-21 18 0
-22 3 0
-23 3 0
-24 3 0
-25 22 0
-26 22 0
-27 23 0
-28 23 0
-29 23 0
-30 24 0
-31 24 0
-32 31 0
-33 31 0
-34 31 0
-35 31 0
-36 4 0
-37 4 0
-38 5 0
-39 5 0
-40 5 0
-41 6 0
-42 6 0
-43 6 0
3 -2 0
10 -7 0
14 -13 0
16 -9 0
18 -9 0
20 -18 0
24 -3 0
30 -24 0
-26 44 0
22 44 0
26 -22 -44 0
25 44 0
-25 -44 0
-25 45 0
22 45 0
25 -22 -45 0
26 45 0
-26 -45 0
-37 46 0
4 46 0
37 -4 -46 0
36 46 0
-36 -46 0
-36 47 0
4 47 0
36 -4 -47 0
37 47 0
-37 -47 0
-42 48 0
-43 48 0
6 48 0
42 43 -6 -48 0
41 48 0
-41 -48 0
-41 49 0
-43 49 0
6 49 0
41 43 -6 -49 0
42 49 0
-42 -49 0
-41 50 0
-42 50 0
6 50 0
41 42 -6 -50 0
43 50 0
-43 -50 0
-27 51 0
-28 51 0
-29 51 0
27 28 29 -51 0
23 -51 0
-23 51 0
-32 52 0
-33 52 0
-34 52 0
-35 52 0
32 33 34 35 -52 0
31 -52 0
-31 52 0
-38 53 0
-39 53 0
-40 53 0
38 39 40 -53 0
5 -53 0
-5 53 0
-15 31 0
-19 13 0
-25 37 0
-26 28 0
-39 29 0
-29 -41 0
2 0
