-38,-40,-27,-35,-33
-38,-40,-27,-35,33
-38,-40,-27,35,-32
-38,-40,-27,35,32
-38,-40,27,-35,-34
-38,-40,27,-35,34
-38,-40,27,35,-33
-38,-40,27,35,33
-38,40,-27,-33,-32
-38,40,-27,-33,32
-38,40,-27,33,-35
-38,40,-27,33,35
-38,40,27,-32,-34
-38,40,27,-32,34
-38,40,27,32,-33
-38,40,27,32,33
38,-27,-40,-35,-32
38,-27,-40,-35,32
38,-27,-40,35,-34
38,-27,-40,35,34
38,-27,40,-32,-33
38,-27,40,-32,33
38,-27,40,32,-34
38,-27,40,32,34
38,27,-40,-33,-32
38,27,-40,-33,32
38,27,-40,33,-32
38,27,-40,33,32
38,27,40,-32,-35
38,27,40,-32,35
38,27,40,32,-33
38,27,40,32,33
