-18,-12,-29,-21,-14,-17
-18,-12,-29,-21,-14,17
-18,-12,-29,-21,14,-16
-18,-12,-29,-21,14,16
-18,-12,-29,21,-14,-17
-18,-12,-29,21,-14,17
-18,-12,-29,21,14,-16
-18,-12,-29,21,14,16
-18,-12,29,-17,-21,-14
-18,-12,29,-17,-21,14
-18,-12,29,-17,21,-15
-18,-12,29,-17,21,15
-18,-12,29,17,-21,-15
-18,-12,29,17,-21,15
-18,-12,29,17,21,-15
-18,-12,29,17,21,15
-18,12,-14,-20,-30,-17
-18,12,-14,-20,-30,17
-18,12,-14,-20,30,-16
-18,12,-14,-20,30,16
-18,12,-14,20,-29,-17
-18,12,-14,20,-29,17
-18,12,-14,20,29,-17
-18,12,-14,20,29,17
-18,12,14,-20,-29,-16
-18,12,14,-20,-29,16
-18,12,14,-20,29,-16
-18,12,14,-20,29,16
-18,12,14,20,-30,-16
-18,12,14,20,-30,16
-18,12,14,20,30,-16
-18,12,14,20,30,16
18,-12,-30,-14,-20,-17
18,-12,-30,-14,-20,17
18,-12,-30,-14,20,-16
18,-12,-30,-14,20,16
18,-12,-30,14,-20,-17
18,-12,-30,14,-20,17
18,-12,-30,14,20,-16
18,-12,-30,14,20,16
18,-12,30,-21,-17,-15
18,-12,30,-21,-17,15
18,-12,30,-21,17,-15
18,-12,30,-21,17,15
18,-12,30,21,-15,-16
18,-12,30,21,-15,16
18,-12,30,21,15,-16
18,-12,30,21,15,16
18,12,-20,-30,-16,-14
18,12,-20,-30,-16,14
18,12,-20,-30,16,-15
18,12,-20,-30,16,15
18,12,-20,30,-14,-16
18,12,-20,30,-14,16
18,12,-20,30,14,-16
18,12,-20,30,14,16
18,12,20,-15,-17,-29
18,12,20,-15,-17,29
18,12,20,-15,17,-30
18,12,20,-15,17,30
18,12,20,15,-17,-30
18,12,20,15,-17,30
18,12,20,15,17,-30
18,12,20,15,17,30
