-21,-19,-29,-17,-15
-21,-19,-29,-17,15
-21,-19,-29,17,-12
-21,-19,-29,17,12
-21,-19,29,-17,-15
-21,-19,29,-17,15
-21,-19,29,17,-15
-21,-19,29,17,15
-21,19,-13,-30,-17
-21,19,-13,-30,17
-21,19,-13,30,-17
-21,19,-13,30,17
-21,19,13,-17,-14
-21,19,13,-17,14
-21,19,13,17,-30
-21,19,13,17,30
21,-29,-16,-19,-13
21,-29,-16,-19,13
21,-29,-16,19,-12
21,-29,-16,19,12
21,-29,16,-19,-14
21,-29,16,-19,14
21,-29,16,19,-15
21,-29,16,19,15
21,29,-13,-18,-15
21,29,-13,-18,15
21,29,-13,18,-16
21,29,-13,18,16
21,29,13,-16,-19
21,29,13,-16,19
21,29,13,16,-14
21,29,13,16,14
