-40,-38,-27,-34,-32,-37
-40,-38,-27,-34,-32,37
-40,-38,-27,-34,32,-35
-40,-38,-27,-34,32,35
-40,-38,-27,34,-33,-32
-40,-38,-27,34,-33,32
-40,-38,-27,34,33,-35
-40,-38,-27,34,33,35
-40,-38,27,-33,-34,-37
-40,-38,27,-33,-34,37
-40,-38,27,-33,34,-32
-40,-38,27,-33,34,32
-40,-38,27,33,-34,-35
-40,-38,27,33,-34,35
-40,-38,27,33,34,-35
-40,-38,27,33,34,35
-40,38,-27,-32,-33,-22
-40,38,-27,-32,-33,22
-40,38,-27,-32,33,-35
-40,38,-27,-32,33,35
-40,38,-27,32,-34,-35
-40,38,-27,32,-34,35
-40,38,-27,32,34,-35
-40,38,-27,32,34,35
-40,38,27,-34,-33,-37
-40,38,27,-34,-33,37
-40,38,27,-34,33,-35
-40,38,27,-34,33,35
-40,38,27,34,-32,-33
-40,38,27,34,-32,33
-40,38,27,34,32,-33
-40,38,27,34,32,33
40,-38,-27,-34,-33,-22
40,-38,-27,-34,-33,22
40,-38,-27,-34,33,-35
40,-38,-27,-34,33,35
40,-38,-27,34,-33,-35
40,-38,-27,34,-33,35
40,-38,-27,34,33,-32
40,-38,-27,34,33,32
40,-38,27,-33,-34,-22
40,-38,27,-33,-34,22
40,-38,27,-33,34,-32
40,-38,27,-33,34,32
40,-38,27,33,-35,-32
40,-38,27,33,-35,32
40,-38,27,33,35,-32
40,-38,27,33,35,32
40,38,-27,-34,-32,-22
40,38,-27,-34,-32,22
40,38,-27,-34,32,-35
40,38,-27,-34,32,35
40,38,-27,34,-33,-35
40,38,-27,34,-33,35
40,38,-27,34,33,-32
40,38,-27,34,33,32
40,38,27,-34,-33,-37
40,38,27,-34,-33,37
40,38,27,-34,33,-35
40,38,27,-34,33,35
40,38,27,34,-33,-32
40,38,27,34,-33,32
40,38,27,34,33,-35
40,38,27,34,33,35
